
Салями
1
Харви Стоун
stounhh
4
Баранина
1003 9 12 3 0.333333 279
Говядина
1002 10.75 16 3 0.333333 190
Конина
1005 150 16 3 0.166667 88
Телятина
1004 10.75 12 3 0.166667 50
Сосиски
1
Харви Стоун
stounhh
4
Свинина
1001 9.98 60 2 0.5 110
Телятина
1004 10.75 12 3 0.333333 60
Говядина
1002 10.75 16 3 0.166667 40
Конина
1005 150 16 3 0 15
Хамон
1
Харви Стоун
stounhh
5
Свинина
1001 9.98 60 2 0.4 200
Говядина
1002 10.75 16 3 0.1 112
Баранина
1003 9 12 3 0.2 71
Телятина
1004 10.75 12 3 0.2 40
Конина
1005 150 16 3 0.1 30